45,1
45,3
117,3
117,2
117,1
117,0
83,3
83,1
82,3
82,1
81,3
81,1
80,3
80,1
79,3
79,1
78,3
78,1
10,244
10,231
10,243
10,125
10,8
10,91
10,274
10,276
77,3
77,1
76,3
76,1
11,27
11,26
75,3
75,1
11,16
11,21
11,25
11,2
11,3
74,3
74,1
73,3
73,1
72,3
8,8
12,2
12,1
12,3
72,2
72,1
65,5
65,4
65,3
65,2
65,1
65,0
64,4
64,3
64,2
64,1
64,0
63,5
63,4
63,3
63,2
63,1
63,0
62,7
62,6
62,5
62,4
62,3
62,2
62,1
62,0
61,4
61,3
61,2
61,1
61,0
59,3
59,2
59,1
59,0
58,3
58,2
58,1
58,0
57,3
20,2
20,1
57,2
57,1
57,0
56,3
20,3
56,2
56,1
56,0
55,3
55,2
55,1
55,0
54,3
54,2
54,1
19,2
19,1
51,3
51,1
19,3
50,3
50,1
11,28
11,24
11,23
11,20
11,19
11,1
11,12
